0.467250779044 26
0.567662072105 17
0.596993915463 3
0.0548180611918 53
0.788051713996 65
0.621758604976 46
0.493443239261 94
0.85308556011 7
0.500438366685 37
0.154132550513 68
0.299774966282 23
0.0397796687201 91
0.390969350758 6
0.107748214676 77
0.430958238794 29
0.647154822837 51
0.598615938844 63
0.105717846061 46
0.558893778481 67
0.873026961196 60
0.187393675571 57
0.458288840707 43
0.243221736042 68
0.0113239861221 66
0.333861886921 46
0.106759171111 43
0.725599670725 14
0.812461925872 43
0.83398324563 93
0.108555136778 4
0.642558120681 75
0.477193544286 62
0.474552876277 65
0.580357521015 17
0.211832673879 63
0.195853288155 27
0.541969616275 13
0.0224911658045 87
0.790132025551 32
0.665176308315 22
0.166845796759 34
0.165645846789 45
0.154628745954 5
0.407392451748 4
0.234662090303 75
0.528906827245 91
0.334254129208 8
0.350654112638 77
0.361832538065 34
0.870515085874 23
0.0227437332095 66
0.360982468311 6
0.140972828234 68
0.789124437651 88
0.782532995582 14
0.843836052234 83
0.589757853921 82
0.0165881797282 3
0.197876160594 14
0.578076125964 2
0.421383936481 36
0.180501655095 18
0.187007238093 85
0.883821508861 66
0.794811877384 32
0.0443715440801 41
0.227264375338 81
0.267279461561 40
0.982699073369 14
0.209314474363 32
0.841962551542 41
0.666095687483 26
0.462697577372 50
0.459023905837 94
0.773151517071 8
0.321160645982 94
0.678139242203 75
0.0999189901077 55
0.292705224994 20
0.792061207411 35
0.577408248517 25
0.129535600325 76
0.531934570969 61
0.572246154517 94
0.927145533684 36
0.227754443378 44
0.657421017952 54
0.0138567509563 19
0.285017588505 13
0.229906338423 84
0.0925021433238 3
0.0670431828095 28
0.814246373121 74
0.295288126775 63
0.174433550521 71
0.484099670167 67
0.312224991957 93
0.425087183963 98
0.308015566041 60
0.00842671658832 56
