0.25 1.0 778
0.375 0.375 776
0.6875 0.8125 120
0.0625 1.0 806
0.4375 0.5625 672
0.625 0.9375 664
0.625 0.9375 456
0.6875 0.9375 246
0.25 0.3125 558
0.375 0.625 534
0.0625 0.125 360
0.375 0.5625 454
0.0625 1.0 566
0.375 0.75 287
0.8125 1.0 913
0.0625 0.375 185
0.1875 0.9375 362
0.0625 0.4375 698
0.25 0.8125 646
0.4375 0.9375 938
0.0625 0.125 575
0.0625 0.6875 442
0.9375 1.0 124
0.5625 0.6875 608
0.1875 0.6875 102
0.25 0.6875 603
1.0 1.0 194
0.125 0.5625 448
0.125 0.8125 897
0.25 0.3125 234
0.25 0.875 119
0.4375 0.8125 285
0.25 1.0 418
0.75 1.0 72
0.125 0.9375 21
0.125 0.125 247
0.875 0.875 499
0.0625 0.8125 290
0.25 0.875 246
0.1875 0.625 701
0.4375 0.625 696
0.8125 0.875 840
0.25 0.4375 134
0.0625 0.5 793
0.25 0.625 401
0.6875 0.8125 388
0.0625 0.875 457
0.5625 0.875 111
0.1875 0.8125 715
0.25 0.625 767
0.5625 0.8125 538
0.5 0.6875 184
0.25 0.875 509
0.25 0.875 187
0.375 0.5 594
0.0625 0.1875 86
0.75 0.9375 145
0.5 1.0 578
0.25 0.4375 589
0.3125 0.875 336
0.375 0.6875 779
0.125 0.5 490
0.0625 0.5 8
0.5 0.9375 447
0.5625 0.875 752
0.3125 0.6875 182
0.25 0.4375 709
1.0 1.0 702
0.1875 0.625 939
0.6875 0.75 14
0.5625 0.75 399
0.0625 0.4375 811
0.9375 1.0 428
0.125 0.3125 636
0.3125 0.4375 745
0.25 0.375 32
0.25 0.375 129
0.5 1.0 802
0.25 0.625 12
0.125 0.6875 418
0.1875 0.4375 514
0.0625 0.3125 537
0.625 0.875 571
0.375 0.5625 430
0.75 0.875 332
0.5625 0.6875 16
0.125 0.4375 722
0.125 0.9375 652
0.3125 0.6875 753
0.3125 0.625 990
0.3125 0.625 53
0.375 1.0 206
0.125 0.625 262
0.5625 0.6875 347
0.1875 0.3125 971
0.125 0.5625 202
0.8125 0.8125 9
0.3125 0.9375 630
0.5 0.5 264
0.5625 0.9375 60
