0.159153312561 0.685458098807 182
0.736690165205 0.809708636231 430
0.0546973296698 0.379490966898 664
0.595367489476 0.992792179421 178
0.0744155476363 0.251443192521 59
0.252011551859 0.771526352293 713
0.208216764464 0.686938848755 698
0.558934495608 0.598392034971 362
0.523746932479 0.720935069442 800
0.789115387419 0.925551209254 168
0.350674946334 0.626128895475 157
0.888167827146 0.923445022055 513
0.189893960975 0.475681543986 59
0.405466846288 0.699966908332 175
0.0790195782458 0.687580882109 74
0.318331175785 0.807747562663 88
0.551012693808 0.620809203774 836
0.0145799721055 0.301940783448 507
0.178898999026 0.35169181567 782
0.647371858138 0.668275105737 411
0.206661869328 0.6723220414 190
0.284713414081 0.581744446984 73
0.555089665996 0.649941694364 660
0.0902365051809 0.22422783074 401
0.212762376461 0.893559860184 94
0.670339854652 0.997084573548 838
0.664499372261 0.850269583427 292
0.404978496097 0.938257896455 246
0.203704530569 0.90235846573 445
0.23618403262 0.585591344995 555
0.0251179246859 0.410707499407 443
0.139497977227 0.902885802154 143
0.544063192427 0.832433188249 574
0.0310279878025 0.954922789311 895
0.137994499607 0.3005656003 731
0.753240473799 0.945965938947 825
0.361058337373 0.602393047126 8
0.449720520324 0.697537634853 310
0.15798151098 0.978282553041 866
0.315375520325 0.489468539925 643
0.0904946140602 0.566296602469 877
0.0431785527229 0.600009968217 645
0.266212917704 0.27069963064 772
0.52256253192 0.658942962058 698
0.404314957302 0.869541744322 157
0.0663348878324 0.39206752729 134
0.833515500333 0.917445927994 268
0.406435346932 0.691489358137 507
0.230324174181 0.233464633932 534
0.0696439687507 0.85801480192 204
0.0813306517492 0.651400777725 669
0.470006268699 0.668273511225 877
0.450060358383 0.990647964844 484
0.494405081624 0.776046161163 178
0.347110288192 0.852364228851 560
0.120375129683 0.917042042548 928
0.420430703816 0.629166611074 408
0.566391329287 0.577002937751 71
0.281767700975 0.636880577273 547
0.288271908767 0.637522800577 836
0.404154014357 0.465408630028 941
0.31234621394 0.584205465243 148
0.54489773115 0.638556244572 361
0.0323852812851 0.243190961588 836
0.674204746286 0.865455586076 539
0.681278671974 0.987498912426 914
0.274273755511 0.615293381288 529
0.572925653381 0.824056852316 273
0.0639770209418 0.396922076576 782
0.0958707447445 0.132428074491 557
0.39047796504 0.984528117633 15
0.604397748269 0.953109143793 909
0.396376488162 0.773134652225 428
0.890202542185 0.985657858771 102
0.246360205835 0.373002389383 469
0.205559287314 0.225577422408 513
0.581830426416 0.792367660293 231
0.325275261218 0.947358730596 335
0.771049171411 0.860411574344 267
0.402824886612 0.863156870729 644
0.487340825034 0.662834887784 486
0.0955916033082 0.554443170905 389
0.200468295817 0.339148115907 836
0.921224743852 0.934778397458 276
0.736660149675 0.999716683311 74
0.308325329413 0.568029451502 499
0.0111618495835 0.215003170646 538
0.69670260863 0.922375522582 173
0.272768317403 0.404266848225 89
0.0662000264882 0.563509386775 507
0.430634136485 0.73579418754 738
0.0582719468857 0.837897748165 47
0.652043841392 0.817150617851 12
0.249111311512 0.357468885612 781
0.091115828859 0.117908943724 456
0.445230491997 0.965913188919 22
0.404799215532 0.829305492656 512
0.545555469467 0.833191103138 64
0.0973189333066 0.519046048447 87
0.183076173591 0.417033657609 815
0.334448508187 0.438833004544 164
0.418588449529 0.542129618739 288
0.159807836254 0.666040334106 812
0.190147879118 0.673013555079 463
0.627626367321 0.801508125465 662
0.187189500745 0.386460737397 240
0.206921108586 0.88452944524 563
0.302744663634 0.341263769927 921
0.257848918055 0.688490897532 708
0.431542580352 0.861274669204 297
0.196114956148 0.311534945833 30
0.417204334582 0.767150758054 171
0.178495160427 0.742314014127 165
0.143551193909 0.733777230665 908
0.327654951448 0.818893890266 447
0.285208582165 0.919620413892 466
0.733096148127 0.95213457653 851
0.18784079203 0.314181388695 518
0.883203272852 0.954008296899 390
0.12594068046 0.444351256975 579
0.168510844016 0.930741621843 876
0.571057691264 0.832149769102 9
0.099435875667 0.512491547405 529
0.82232276623 0.825321900421 87
0.366606193266 0.583020907918 831
0.343085510967 0.764876790344 472
0.11868641863 0.53273089295 642
0.428786545277 0.435501973958 720
0.0948157331675 0.922806213222 530
0.144316273736 0.395381477842 630
0.295014180169 0.896638068128 683
0.824475081585 0.837390360007 980
0.0538995968586 0.734736362216 168
0.0262722779246 0.591134112313 150
0.0467537700962 0.656962377355 638
0.203415771936 0.592089570482 549
0.550147051789 0.56161763497 537
0.143935147905 0.543331184788 190
0.807139518108 0.848040657962 270
0.636946445023 0.699572206373 535
0.634914246795 0.759806125758 760
0.246697135417 0.543026861321 825
0.42193688419 0.800993560492 672
0.0997993303726 0.543640591866 770
0.0974961729434 0.610782304678 286
0.199250799828 0.301005344632 873
0.0692725937281 0.291994706847 403
0.171131400937 0.218295794601 708
0.217817584284 0.26252221611 903
0.416125641248 0.503159530323 24
0.195436503412 0.893145471198 721
0.15787353619 0.469591785536 467
0.162742176591 0.76524251312 525
0.764055723698 0.805292523031 353
0.126494676335 0.609933481237 34
0.706958995708 0.961547909662 632
0.0371622987909 0.395388770937 172
0.00652978415964 0.0259607224808 12
0.359945360979 0.909183016669 106
0.609730739447 0.953100420723 534
0.278857708068 0.285790364948 659
0.662640366319 0.778287164462 154
0.149780749248 0.793030051944 855
0.336593024605 0.988200086312 526
0.0477485570131 0.677980399314 389
0.191645774818 0.528146213046 911
0.214226753557 0.25417870309 865
0.842771536824 0.855423674791 870
0.039885714324 0.525739338787 510
0.307301377241 0.866424943893 991
0.0627042707144 0.868765875516 543
0.241126156652 0.381385918501 309
0.37985534769 0.642710194299 194
0.800590500375 0.924685483586 54
0.204776739888 0.817829501939 636
0.298466524585 0.310476297815 744
0.179252799684 0.341562134834 591
0.00229361306445 0.0648284364042 327
0.0719021943189 0.918603003737 14
0.0643462544975 0.12379198129 996
0.0219489513391 0.948292863639 933
0.754186894436 0.879181100525 737
0.379243145123 0.670790997307 736
0.272177978097 0.967862310602 766
0.849752264275 0.969268880477 249
0.843981946991 0.904319185911 975
0.0370146692247 0.312686858695 219
0.292280604871 0.866594417333 205
0.00454430094089 0.540172728569 963
0.560799327684 0.841208229085 799
0.118023643042 0.369440455356 369
0.749416896137 0.954140818481 329
0.543481921512 0.88477191585 43
0.0072660152385 0.58081468942 290
0.110454355436 0.726938300051 780
0.631836844759 0.715563320985 340
0.36096131422 0.676387866979 77
0.0647328178319 0.65306026741 239
0.560682934666 0.940946850601 841
0.565170813582 0.729411144504 561
0.663368585182 0.952703725216 145
0.0276529980796 0.355649530292 13
0.115600978309 0.774360575051 121
0.314345458209 0.503248076315 997
0.869561582291 0.967009637388 174
0.405970831025 0.773920410423 112
0.0575832126304 0.369673722358 555
0.289322428983 0.686285792565 236
0.275235077039 0.848474874116 393
0.0408942736773 0.365950652271 301
0.554935212265 0.589382889788 295
0.623192459732 0.791683192841 831
0.0402789892859 0.0790389004333 442
0.294335300943 0.428476368911 643
0.32245207004 0.372999368083 717
0.219617226876 0.448266773906 322
0.303941371127 0.924220171171 507
0.0423436817279 0.945367113258 146
0.133174216941 0.348500542655 278
0.420259003287 0.884580550868 462
0.213329838844 0.267007269528 81
0.0105496017656 0.0356514958711 20
0.182992509583 0.713866605304 973
0.491999381089 0.896190802717 600
0.459707762791 0.540525199958 321
0.280101628231 0.520618328545 852
0.0814716755973 0.752373697168 444
0.205022590472 0.235560269639 729
0.694472152701 0.708106260197 31
0.0245651339363 0.219472891629 298
0.682731918965 0.685750413663 91
0.266758156619 0.435280011695 98
0.164964392427 0.510743884058 718
0.0691179930545 0.975269505117 767
0.61982418259 0.931681242785 11
0.432471317536 0.622384112678 212
0.369691151159 0.782122249954 631
0.0864942270547 0.914808345442 303
0.261949976035 0.511851684155 474
0.423348714743 0.773164656864 732
0.162845261878 0.27750879788 939
0.766405142655 0.834606541196 617
0.359721183399 0.457763747143 982
0.312286049308 0.910008321619 139
0.317906647851 0.581445313006 95
0.440124051008 0.581230518158 875
0.112683318911 0.60468700411 179
0.00568413974322 0.952963939804 317
0.0671656568993 0.161601609852 181
0.205611939993 0.426818483574 10
0.149622681819 0.213311417282 556
0.0317021543616 0.112964879479 575
0.327979094991 0.424297803087 320
0.385689279968 0.989974649925 847
0.123059000259 0.272257334477 453
0.119016416668 0.715811819869 553
0.577852376755 0.896730135759 140
0.374682977444 0.905270612601 423
0.608072592421 0.867032887754 42
0.415343096183 0.603269683647 927
0.526337159656 0.548741268019 646
0.228559907779 0.439776095493 806
0.434427478183 0.976832034142 237
0.0420909233313 0.788665278541 645
0.0122657013078 0.080899420603 233
0.197002123789 0.605744724523 397
0.129392324217 0.858744601213 984
0.312981570337 0.942630554098 328
0.131523286855 0.6824268702 941
0.596264388971 0.968657856541 675
0.053475416748 0.568366015683 492
0.676280884288 0.716297876432 472
0.608495189198 0.690447410237 428
0.610246843562 0.875591738681 859
0.203470850284 0.841483367827 606
0.258937085499 0.760895744289 459
0.80389005194 0.995714800938 397
0.752411954 0.805024353131 736
0.0872225224336 0.747321695085 817
0.4489485811 0.611409411012 278
0.547818193176 0.640094821303 184
0.0439980872378 0.428258953618 94
0.554159045134 0.645786105266 738
0.0599395462174 0.984393161141 617
0.555051254249 0.618169883327 154
0.0664337903334 0.218356927739 396
0.00546611794839 0.365634462973 485
0.196113952694 0.22564404336 995
0.44982210246 0.612774819144 970
0.0719740413702 0.0979543188124 418
0.673992601086 0.844513230113 323
0.116497584469 0.672020073056 17
0.542624021756 0.558132461558 52
0.105639417111 0.453759415305 303
0.253724380998 0.376133211664 231
0.0773402719332 0.0898716269956 205
0.227570638462 0.647548043114 304
0.150321683438 0.614490765548 483
0.289529221766 0.983680287608 595
0.0524582785355 0.236231971051 572
0.242780763716 0.529077287182 125
0.749558822087 0.918278682526 154
0.240794504508 0.382157575347 189
0.606482051097 0.72250919797 927
0.347355104774 0.946299907601 232
0.474324139918 0.806967789887 883
0.0759590754289 0.74290154371 92
0.609115512644 0.956641722265 280
0.652633552986 0.887347287281 451
0.377295767563 0.467334628904 228
0.770630634023 0.896266024171 917
0.0901043229819 0.997208156528 173
0.411541415429 0.675164821008 992
0.400065448409 0.442286061001 813
0.0892968086483 0.710795478597 26
0.117213644106 0.978959451536 144
0.256584099702 0.722652547505 914
0.783516570134 0.946132567985 438
0.410991806144 0.667885902513 643
0.407628897001 0.726249936504 85
0.490813472902 0.544042198291 407
0.267407483846 0.642788791066 504
0.722824979237 0.958268318678 250
0.297938962692 0.737406149469 13
0.396548067149 0.500447704329 364
0.485720208356 0.506085886852 311
0.524401266078 0.67209070766 708
0.543130508747 0.797659848715 162
0.0385044864813 0.0616056476067 516
0.19769465155 0.28427812254 830
0.836796992572 0.920306002757 991
0.570986040364 0.658048804311 239
0.973908041483 0.991261383894 572
0.232533045107 0.257375843442 690
0.600445784294 0.90748787144 854
0.537826011027 0.726695744099 438
0.344936913757 0.786669900009 802
0.603156299455 0.630938078526 937
0.0883537346955 0.588605281479 865
0.463173681267 0.585256912721 66
0.136190933146 0.782521483064 336
0.165905142543 0.21364863609 760
0.316263508495 0.665484130573 944
0.0701908495985 0.967613053445 958
0.451055795747 0.533662295645 190
0.438246595872 0.452911653222 679
0.560320268881 0.75146620051 42
0.215351800707 0.972129929573 158
0.353671675308 0.962244329072 587
0.335765718211 0.914349232413 383
0.0151302276848 0.366734306728 528
0.346171485507 0.541290618466 594
0.465693120154 0.602356685363 814
0.533818468762 0.693116871425 24
0.228523720269 0.799232722331 703
0.159004889378 0.825830093368 253
0.0615738232209 0.823454263159 445
0.152657138065 0.436571229433 640
0.453062402424 0.989630791331 729
0.627716244429 0.691621869067 660
0.342775270037 0.574721454173 151
0.10496550334 0.752645465446 757
0.0515926886254 0.629897237516 921
0.299354818942 0.908129287507 300
0.571703042769 0.686061492345 987
0.329339632536 0.532239892006 612
0.108925640154 0.519933463937 99
0.467979353912 0.919161042429 274
0.0243913428139 0.333467023942 837
0.011983828177 0.976388591625 269
0.771262297143 0.890556251042 87
0.672989650391 0.879964182504 187
0.186341449453 0.44785855985 470
0.674262842883 0.880066292048 849
0.696479275954 0.698414702322 577
0.342416235776 0.691807181287 670
0.234967020052 0.523318368669 769
0.0355637914401 0.445872465921 331
0.320982181841 0.712209683756 760
0.0188728943289 0.681422872849 462
0.160484453698 0.705224980223 163
0.698134821232 0.776144453386 734
0.51891684638 0.766560570923 249
0.340359611459 0.629185615653 674
0.0252480276577 0.0979308432732 838
0.283060173102 0.75847976145 428
0.727059510848 0.824883865747 361
0.0842523936194 0.856156808379 418
0.0623328534968 0.369810035941 601
0.0190628047833 0.0324614695367 56
0.403928255249 0.995599372272 973
0.605707715555 0.719822525751 84
0.068285560079 0.72091351285 140
0.0357384590898 0.710745683005 409
0.00881725408006 0.253095671234 935
0.887178034369 0.912119125636 557
0.145477852991 0.794422653204 635
0.535094041172 0.799800029258 666
0.150806887976 0.714511312626 19
0.147512055408 0.697912236417 151
0.257444282213 0.403996776424 363
0.258005413656 0.506083415865 921
0.0401574086622 0.247889026227 468
0.624782947219 0.779282434204 218
0.286152874927 0.593542250983 600
0.0656291641346 0.24669826028 807
0.0310008197157 0.757135173318 783
0.328716919842 0.478109507761 937
0.258050397676 0.899920754867 115
0.503072164839 0.641996401147 561
0.557910059138 0.685373744349 996
0.0840510020777 0.162231217082 518
0.282934179796 0.733112910795 12
0.172269946737 0.890540726874 771
0.408767294876 0.412767398463 95
0.0240114404125 0.176660195117 336
0.177193962459 0.696147128868 487
0.052786744538 0.908167364802 749
0.388193411865 0.560077708803 957
0.390116925056 0.444919840426 736
0.316735868717 0.564210926115 133
0.307922484383 0.870161256237 55
0.57134801697 0.605695453714 994
0.338706962828 0.37119561923 128
0.625996302024 0.829742507986 938
0.13156680723 0.442100157738 531
0.0561518388913 0.499252378292 292
0.0527220723187 0.88019809566 393
0.270821720142 0.798504444058 509
0.349303018123 0.375534118035 431
0.549620850904 0.617872496234 941
0.432834175505 0.71011946726 566
0.148661702823 0.872726852934 94
0.565055247471 0.584721342784 269
0.185337744889 0.562200781613 234
0.213648534982 0.735014084094 903
0.471043201797 0.516413764069 415
0.0355709617161 0.864412995261 54
0.401962381527 0.862881374685 247
0.68087619461 0.949277598949 649
0.263791282895 0.639922091704 454
0.129670108997 0.797480033518 517
0.66176636058 0.967853797242 411
0.145512132084 0.370449752173 835
0.157223894782 0.540180142433 908
0.0171949002611 0.0246984120369 398
0.586761264793 0.918560212243 451
0.10404793222 0.86221368677 228
0.173221602653 0.839667987714 388
0.507445840624 0.918045329029 624
0.0488336543984 0.626867959686 385
0.744503867714 0.923441557934 389
0.0770710455186 0.12832282356 827
0.583487336512 0.819694239843 166
0.444073253311 0.476932625804 184
0.554683496934 0.667150162596 553
0.618983365113 0.683746055162 400
0.425779144598 0.474424610497 938
0.211497682077 0.487454666961 873
0.319243752601 0.846697164566 789
0.269262729622 0.627842720387 189
0.0897577848562 0.426700516968 459
0.296433486127 0.697379115101 503
0.383031473867 0.893064684029 310
0.129463923098 0.367569732038 16
0.509594101682 0.763785260738 976
0.836039726631 0.83779822392 49
0.132075770441 0.788578578429 856
0.42358359019 0.678214415485 533
0.635919422824 0.860212694394 897
0.460262268755 0.919655810341 995
0.842070241998 0.915970371972 471
0.106919454253 0.949236429307 978
0.501560396537 0.870398865488 920
0.120937108686 0.515563470643 284
0.50033498022 0.819000996354 389
0.0668359186047 0.52190200902 664
0.347147746825 0.883843405299 740
0.203980529813 0.471592222006 249
0.0579476213561 0.19982305001 939
0.26508156788 0.32230857989 82
0.292840205467 0.494398492541 949
0.40020815624 0.624062352704 565
0.335354738276 0.795795251615 350
0.832755449893 0.845359305856 626
0.908751309749 0.968955776329 866
0.426818336371 0.53601273255 957
0.06133065038 0.864165149642 880
0.239609689561 0.563397838964 147
0.332062944514 0.644734447696 298
0.402518396093 0.903605309132 773
0.440843220844 0.91825395528 76
0.0134865110501 0.925906675878 844
0.403637238844 0.438348346151 243
0.494918590226 0.664348820352 178
0.024337354295 0.613397538547 692
0.257944394329 0.302583030732 327
0.43323801388 0.743811776268 919
0.582213881735 0.807220482716 774
0.107637181344 0.201478925706 812
0.365115514543 0.781514581011 567
0.00300312135669 0.456127814362 889
0.738225848129 0.755800055751 954
0.226489407523 0.675611944208 88
0.211988425165 0.564730167487 338
0.246022063132 0.60612476729 176
0.893913909536 0.926970986347 886
0.528542339254 0.701991103313 500
0.331787921724 0.381742086737 746
0.0139977419359 0.50686527988 798
0.727799736889 0.842760267028 744
0.183375484931 0.944203066943 563
0.111206131687 0.543310347041 405
0.0598395710463 0.238552703093 600
0.529557017832 0.775662775025 883
0.545468262052 0.606084644648 883
0.185006156506 0.991107362285 225
0.603313247884 0.866667416893 340
0.0891008543371 0.647454084614 531
0.0253848932234 0.131033026181 872
0.349784554814 0.558612327968 14
0.608882337283 0.926828413136 545
0.45886557774 0.864690698663 611
0.33192045822 0.723245980844 561
0.245407729469 0.816881165435 765
0.0710419031119 0.266394260005 623
0.430430708505 0.591308984504 530
0.348718545263 0.66703438976 179
0.993191252602 0.99742335569 999
0.176555204517 0.513552712148 327
0.296490342379 0.787800160469 871
0.168167415113 0.806443614358 885
0.309405070517 0.818278987029 884
0.0529836101778 0.130719838971 108
0.283734103263 0.847808854495 673
0.320161370507 0.871613034758 102
0.670911829366 0.698102198154 450
0.828139626198 0.968850206727 760
0.698186532348 0.85401864622 515
0.0976634129176 0.568907420376 802
0.447636906836 0.894161133116 627
0.907943668085 0.937897677599 610
0.503794364316 0.850034950705 555
0.671378490005 0.851359747641 425
0.000584222622608 0.0346289880137 393
0.00792990729341 0.362098126946 313
0.138663983102 0.828960199312 509
0.851331061221 0.99762247114 524
0.345807004923 0.370033325286 277
0.387662102044 0.582696467506 991
0.65983866535 0.948128805006 866
0.141287223596 0.747381406317 925
0.171726520703 0.844117382837 643
0.396924261882 0.541606699043 493
0.220817918286 0.450848773846 227
0.0938604108068 0.24511251284 738
0.569876356887 0.826244573051 614
0.354302564345 0.586404827197 39
0.56974371327 0.658048423656 195
0.383318538895 0.986283286134 708
0.212909584129 0.262791968921 680
0.227025348184 0.624632925011 426
0.416693705577 0.549940334328 837
0.25380190013 0.636208627682 465
0.263614553896 0.60118594958 451
0.251888559556 0.853680734687 230
0.632417530787 0.858567097004 1
0.339173738286 0.838465169383 407
0.500578085974 0.813849736317 215
0.603593412239 0.766401517096 127
0.0749123146053 0.646916083176 241
0.204898636888 0.377899691876 462
0.0392652933024 0.867640236456 94
0.634609641729 0.746397870123 640
0.143830862675 0.147579784987 596
0.0608918141933 0.405414869251 387
0.310688479273 0.646716917554 619
0.428863261996 0.479639883851 530
0.218087716096 0.804569626656 452
0.0262102770576 0.982604847682 768
0.601462661428 0.802878787205 485
0.0437978325397 0.970242680407 432
0.564180190452 0.765350520354 504
0.334818353203 0.35522744672 681
0.271073171786 0.92126519581 816
0.00313532449014 0.884636818288 524
0.304735387709 0.752035366485 558
0.649542361167 0.890873018679 925
0.704016813348 0.862028060412 825
0.00382722367727 0.76221201535 630
0.110387733727 0.684844579591 608
0.638348234287 0.638870707739 11
0.200217231804 0.925610162766 976
0.354044926314 0.581058902476 697
0.526948355457 0.837470818425 974
0.00191802977017 0.0256025738825 877
0.413325497849 0.913786147001 621
0.858316982519 0.923522203786 331
0.0733575520677 0.217579013872 720
0.677512401911 0.855631286845 675
0.0298625672843 0.0429771645989 297
0.111909363626 0.396884705317 281
0.34185496036 0.628757927238 453
0.173309493351 0.221820115476 707
0.333994534694 0.560757698707 996
0.602046277833 0.993363789552 936
0.0306626726484 0.0910069653895 323
0.394151669151 0.873609195233 675
0.461050713062 0.787478751112 632
0.248042061472 0.54096271918 971
0.344680243203 0.966596841236 58
0.0455224026184 0.823006734485 504
0.108578327328 0.408922214129 602
0.695607877468 0.744970732335 734
0.162197850491 0.182000615379 413
0.0249617068243 0.184020760328 540
0.585299118606 0.734623930308 825
0.189127456493 0.684902511079 633
0.0891193171183 0.351402200633 122
0.266172408439 0.339642442986 315
0.555093300101 0.968519521975 332
0.323697000016 0.69902569059 73
0.528538285031 0.844619008461 252
0.504172843882 0.784592302166 83
0.518146190359 0.863618747928 77
0.194440636061 0.939905562419 672
0.637572643306 0.696354624471 347
0.123382357386 0.984037726694 353
0.213931977166 0.323891509126 521
0.616385344168 0.675905026378 577
0.406921085971 0.91489110287 877
0.455723686764 0.759171196339 327
0.112955514474 0.72510177888 661
0.0431070842709 0.667198010388 861
0.32823357945 0.548927833032 989
0.364604880992 0.744643352378 261
0.438717970931 0.582780539212 81
0.32764845721 0.880544832018 365
0.157398975228 0.719898127501 109
0.243082412326 0.385899973617 179
0.406693829198 0.630246532936 777
0.321662705798 0.717990772378 430
0.261398869244 0.878021761402 114
0.431064573553 0.485782042061 351
0.266689325993 0.458348389296 612
0.0769377830498 0.507204567993 822
0.228273786633 0.829015302212 741
0.14313133282 0.923272319203 212
0.0575474959501 0.306431755188 511
0.497328599518 0.732316629754 638
0.257164101777 0.722733513125 505
0.529324051271 0.624852598287 945
0.827128411713 0.887857193363 4
0.112947129098 0.703930551348 864
0.624906159249 0.742461177029 974
0.150668920918 0.762211578894 619
0.575892515039 0.653403295233 847
0.219549193064 0.886799226013 449
0.0149714878113 0.872320766973 764
0.26140770715 0.683325774938 809
0.0544806262613 0.716494728617 129
0.227985195459 0.59367066861 881
0.398378229002 0.572596324181 550
0.493616309748 0.756340967126 570
0.212830732021 0.71609891199 728
0.835852227349 0.964404941983 531
0.405670189596 0.78134606398 729
0.34549974066 0.446963460836 138
0.41664873695 0.867298275215 68
0.397543125947 0.590193923667 972
0.253802041487 0.78728270935 651
0.92709131 0.958753451156 330
0.0490635395923 0.989597836732 229
0.12674255862 0.157134007287 256
0.334070286827 0.639324625388 25
0.340363719811 0.716863572521 727
0.126190430453 0.447206279872 580
0.0729936352677 0.845360548031 753
0.0408711255004 0.163728296409 531
0.118466569941 0.657178607564 969
0.00996327758773 0.831429546855 968
0.889369123148 0.943271660848 645
0.00955012712314 0.697798229012 699
0.297322911856 0.414568233709 849
0.471664145007 0.914839242212 688
0.247738590656 0.273852274222 261
0.151808423787 0.235603406209 148
0.0170823850797 0.807088919173 209
0.0256064287173 0.723794868169 898
0.3419549771 0.712635300947 786
0.423039923263 0.681470749051 997
0.085146264063 0.55858371493 268
0.0648398499333 0.705628472024 206
0.52737439328 0.632804338577 217
0.166982908369 0.914330173157 41
0.576054672644 0.59279019828 529
0.546228341353 0.692745760853 917
0.140697044852 0.747992169512 837
0.761135309423 0.820900718548 477
0.266105487389 0.898139338791 666
0.314312099463 0.656765444977 968
0.380778323025 0.826814110822 254
0.116580976436 0.775906818477 481
0.692114084644 0.722322718558 338
0.377286075001 0.945832081838 857
0.0781301662971 0.359530163677 677
0.440973624744 0.672476835146 839
0.365408999266 0.98913958006 644
0.553234252891 0.562284521417 723
0.541636991164 0.976479622368 25
0.254896307036 0.629888464847 817
0.036085126317 0.524481930048 610
0.656247002515 0.983375538292 316
0.198329640485 0.229402544427 42
0.0961515188674 0.464128250707 203
0.0749079741583 0.618348804611 181
0.302578616525 0.693946306431 390
0.72831469038 0.734853770459 774
0.413963738986 0.938618868577 752
0.776363058616 0.827934168102 297
0.283109251654 0.428477740239 128
0.295591651838 0.791393282324 83
0.0362157868976 0.528186090132 974
0.813596235983 0.916201038333 202
0.0291387988319 0.876855028639 321
0.167243181919 0.596498630974 407
0.206094840039 0.403614000224 233
0.301561636649 0.679829429981 417
0.853255735103 0.936274803348 611
0.225399246697 0.980235169877 206
0.228265404279 0.983806394676 149
0.569012953367 0.886836535349 915
0.615039378308 0.819042797891 794
0.268301971678 0.644608685647 643
0.274275142738 0.46836852378 868
0.174033911413 0.918718427806 958
0.782792208904 0.943133999119 37
0.31556611876 0.563053770742 575
0.445904186703 0.968654460236 966
0.606480534064 0.69615314975 451
0.257661539641 0.386578795055 665
0.113766718665 0.886412934587 631
0.21035243986 0.316232442022 589
0.903346165002 0.970593140361 575
0.0742802267766 0.720287987943 994
0.166389006865 0.782451717027 25
0.157167527612 0.78769122868 394
0.279514870983 0.673063032276 649
0.260136257406 0.560534127618 316
0.428841428861 0.95133530134 435
0.146232670459 0.656699307636 675
0.179493236319 0.207265072584 726
0.596971307365 0.694747806903 514
0.0281295942022 0.304842553153 139
0.0233610906442 0.610212602681 984
0.142304157436 0.796964678038 229
0.296550922251 0.966637492646 588
0.331446009438 0.544577106898 340
0.344896153773 0.363985570755 921
0.149742477875 0.63836696828 830
0.428737305527 0.996173040291 976
0.538916977948 0.783852298175 983
0.041233440505 0.186266192789 594
0.0108585291258 0.851139534092 838
0.241479497911 0.738143639899 362
0.740587720518 0.741414392552 284
0.551508369744 0.576967470568 702
0.221812902751 0.59077341911 96
0.333751450415 0.79289343068 936
0.37819197739 0.449798836865 302
0.0156463104383 0.452540969502 950
0.584102609439 0.872157158372 489
0.437663515619 0.471507273343 488
0.0289763428674 0.109284182415 31
0.0110882120068 0.355974292439 100
0.174499989492 0.473204111658 222
0.180288138981 0.953413017201 956
0.239720699544 0.991997381606 687
0.0456618431886 0.232590881049 180
0.637187854584 0.850486632277 536
0.705386778197 0.825829481674 256
0.972601506981 0.99292428855 477
0.596709359842 0.981763446076 792
0.214951801914 0.929340888164 711
0.0516295134138 0.339778093559 485
0.0584139640603 0.502654840691 761
0.156804193605 0.202836665261 263
0.208774289616 0.41118833134 337
0.233189643131 0.839884668989 58
0.804875298763 0.98104456488 207
0.493005216351 0.910800729466 768
0.371301928727 0.560451688732 300
0.374163586298 0.955209895647 986
0.354594094334 0.509236239588 701
0.633628318503 0.838613231679 922
0.515176865189 0.561436629792 865
0.519181408289 0.672001201758 235
0.578836151085 0.812855477668 42
0.565545954286 0.921774527922 651
0.647868945656 0.700841166112 981
0.037640531422 0.0609625964003 136
0.011448015848 0.709043887786 138
0.400312060501 0.470332735021 188
0.258030906386 0.816746063979 753
0.113181409737 0.962785470974 773
0.0929903607882 0.70839066005 655
0.8256629019 0.834348113541 873
0.52593892224 0.634221709185 649
0.260349728571 0.379902986068 499
0.427455572717 0.625587591584 511
0.0145100016628 0.64355519388 686
0.501262076009 0.907206652114 774
0.190734717275 0.327022425889 827
0.0325295653613 0.395032379417 104
0.199182507096 0.502506334135 988
0.0739511221318 0.49104506809 409
0.0625545214053 0.794568449374 144
0.199832759242 0.846569981149 343
0.239834467403 0.434918512322 450
0.273192018725 0.591817271099 692
0.33861536875 0.845870521677 17
0.459738286839 0.75596266147 988
0.32313435068 0.744931120849 65
0.241876875982 0.638199308472 133
0.113141362836 0.574588941364 85
0.362593305345 0.756765986966 821
0.345422964259 0.781533608843 134
0.764397300666 0.880411230947 401
0.665786199945 0.989295863857 803
0.113850699417 0.373051142127 886
0.0157678062625 0.447996220339 447
0.917740918705 0.920718466278 681
0.273195908381 0.320235599525 349
0.114131934302 0.133640962152 453
0.415153941187 0.592329821372 553
0.19153711902 0.89446436677 430
0.626280493676 0.824746532842 479
0.236937259937 0.947439206735 549
0.241188114522 0.684431756929 39
0.00215629939801 0.934712476361 453
0.290676724794 0.676382777294 374
0.164139793671 0.199233703838 586
0.177719902081 0.412722922223 966
0.232943538603 0.245418414733 916
0.0569859294592 0.67373777262 944
0.100996224835 0.9664798459 813
0.394302029657 0.938260876544 502
0.308958640696 0.822531394738 17
0.509135101685 0.677715314556 610
0.561573227839 0.999944614846 949
0.119584755978 0.424960853394 275
0.386015650603 0.805552473285 40
0.128687953321 0.281352960604 868
0.418321355294 0.466814964022 149
0.233271032425 0.318972821428 627
0.0275558585039 0.403230665716 193
0.206091697781 0.280635583036 794
0.51611390609 0.968664036007 541
0.376918725262 0.627729087315 611
0.407455905635 0.410555696786 492
0.51690631924 0.837233008368 644
0.750191376149 0.988786156375 230
0.728681463918 0.82841915977 130
0.593189314385 0.671020549254 737
0.443885092629 0.91143901331 413
0.397101261879 0.620311283757 884
0.652175695776 0.779426052404 623
0.640620700826 0.660696933935 964
0.180625257012 0.592254811241 635
0.568620649084 0.886898057559 851
0.343502515946 0.385405695707 957
0.356252303817 0.911923257643 289
0.0733161721117 0.454952200468 622
0.286387774501 0.965576779563 371
0.204451056682 0.967941009889 25
0.638138526666 0.664381212411 376
0.503433781258 0.66354250139 179
0.643249944468 0.714162833049 999
0.0289345339115 0.917609728248 137
0.107842246859 0.493917762114 141
0.0221195569105 0.246027871969 257
0.0995010469544 0.350617859591 620
0.155978504077 0.649285157994 554
0.335776711275 0.932181073015 392
0.595705620803 0.6527878712 563
0.0134284198075 0.430764570526 416
0.130756075351 0.722463927318 533
0.230337425375 0.970475794766 762
0.418244724939 0.426885151682 756
0.21637609514 0.797961077967 121
0.286430597108 0.691448356123 8
0.5019448978 0.719757655392 511
0.448758384848 0.765322805416 132
0.243578130524 0.510327310342 921
0.473168605199 0.767861243842 613
0.105376787914 0.456365800872 842
0.135167652536 0.734047302416 273
0.526294937339 0.910248114689 348
0.379070989826 0.514292135519 354
0.123034865191 0.434055021625 292
0.0651812733856 0.385404847223 125
0.234613289115 0.869636844041 526
0.0673961039947 0.213118187216 13
0.808409801927 0.859958775765 980
0.120667676836 0.844040506906 497
0.573710641396 0.771001471622 222
0.0100087278087 0.533106180389 846
0.885340512476 0.905454493806 785
0.236360261624 0.947927739152 769
0.0122639501325 0.849615779591 383
0.013895139885 0.635237189624 492
0.274705352547 0.626882757747 411
0.0349110601187 0.5294195611 142
0.0195476958211 0.971427427152 58
0.375313640546 0.871519517041 315
0.636906040778 0.983055885703 928
0.468249659986 0.905746795194 21
0.0101489900969 0.212360257302 773
0.0583309309917 0.603863890303 677
0.126549816814 0.488336746648 214
0.170164704416 0.983852081524 342
0.262747588945 0.671453127354 342
0.203919600161 0.898654968937 189
0.781689925761 0.908564261375 558
0.48565840322 0.578121643436 122
0.0157799740018 0.901196208452 196
0.142926827544 0.67507575049 338
0.133493108511 0.871729979869 67
0.508202490042 0.555530524602 227
0.789385277462 0.888885217491 880
0.284596613058 0.381061023051 821
0.0699540260126 0.837934668946 692
0.0225653696219 0.589818984101 764
0.0151771152722 0.915714470518 674
0.519231287143 0.624383750225 458
0.265815032239 0.751922347517 742
0.449903332443 0.9991272506 843
0.628656584962 0.799403424046 696
0.614134406861 0.694629911097 539
0.291846330105 0.380783245193 80
0.108370919501 0.991068387186 41
0.0320627790142 0.378082660055 788
0.174882822073 0.586663471219 294
0.453618200744 0.905721965997 337
0.0853857894502 0.698463774887 309
0.625250873941 0.742606243227 548
0.338537327776 0.944682025835 873
0.0255579543083 0.52679603238 788
0.699760283648 0.806840642513 394
0.47955048573 0.494335494432 838
0.0158104808717 0.645890976346 900
0.153832189761 0.776961159513 693
0.29087498148 0.885176225269 625
0.0240755497607 0.376403828957 6
0.469131484305 0.812703449962 873
0.157752726089 0.963459679344 315
0.168241917668 0.572243161611 440
0.0801227669594 0.351598568394 938
0.406853223879 0.542256637157 752
0.616545583685 0.845089421042 896
0.633542025829 0.785379074128 244
0.114293607267 0.213526903501 373
0.403152673957 0.704274517851 527
0.46269918488 0.672155517167 159
0.169933150492 0.670429545793 429
0.130898302502 0.838095943159 251
0.176934607056 0.611758587125 738
0.326383710959 0.417552030676 61
0.705772470945 0.75130626672 689
0.327010602776 0.370933690706 988
0.527074109116 0.845889856309 804
0.0755397165401 0.310125807371 986
0.20197093191 0.716964441246 64
0.223255168582 0.495050818495 457
0.0187707601507 0.224427265095 80
0.185326958285 0.191467823828 417
0.00746446913502 0.721040189162 823
0.261846950214 0.449976818061 717
0.303460392714 0.367522251214 323
0.0833787344234 0.123281707166 168
0.153323425874 0.509182605027 330
0.561917535185 0.663644259497 540
0.169335957337 0.819103469845 692
0.454822691476 0.674361963945 289
0.0215270772527 0.35735093211 27
0.187113067077 0.938888789744 393
0.303405294166 0.32198575795 502
0.162882974239 0.502729496637 323
0.0436109320851 0.939241241746 236
0.159955815542 0.661084822163 11
0.0476204848535 0.547634365024 366
0.111272794304 0.726475553149 899
0.374218761703 0.671200532985 60
0.044943376953 0.496414189926 327
0.604322856758 0.975033815441 707
0.616831186092 0.944114862062 711
0.296539471782 0.330648574224 979
0.306009788749 0.733669507272 204
0.479159966265 0.668759961894 867
0.118632896366 0.570027492641 156
